                    0  0.29995927216987378     
  1.00000000000000002E-002  0.29995927216987378     
  2.00000000000000004E-002  0.29995927216987378     
  2.99999999999999989E-002  0.29995927216987378     
  4.00000000000000008E-002  0.29995927216987378     
  5.00000000000000028E-002  0.29995927216987378     
  5.99999999999999978E-002  0.29995927216987378     
  7.00000000000000067E-002  0.29995927216987378     
  8.00000000000000017E-002  0.29995927216987378     
  8.99999999999999967E-002  0.29995927216987378     
  0.10000000000000001       0.29995927216987378     
  0.11000000000000000       0.29995927216987378     
  0.12000000000000000       0.29995927216987378     
  0.13000000000000000       0.29995927216987378     
  0.14000000000000001       0.29995927216987378     
  0.14999999999999999       0.29995927216987378     
  0.16000000000000000       0.29995927216987378     
  0.17000000000000001       0.29995927216987378     
  0.17999999999999999       0.29995927216987378     
  0.19000000000000000       0.29995927216987378     
  0.20000000000000001       0.29995927216987378     
  0.20999999999999999       0.29995927216987378     
  0.22000000000000000       0.29995927216987378     
  0.23000000000000001       0.29995927216987378     
  0.23999999999999999       0.29995927216987378     
  0.25000000000000000       0.29995927216987378     
  0.26000000000000001       0.29995927216987378     
  0.27000000000000002       0.29995927216987378     
  0.28000000000000003       0.29995927216987378     
  0.28999999999999998       0.29995927216987378     
  0.29999999999999999       0.29995927216987378     
  0.31000000000000000       0.29995927216987378     
  0.32000000000000001       0.29995927216987378     
  0.33000000000000002       0.29995927216987378     
  0.34000000000000002       0.29995927216987378     
  0.35000000000000003       0.29995927216987378     
  0.35999999999999999       0.29995927216987378     
  0.37000000000000000       0.29995927216987378     
  0.38000000000000000       0.29995927216987378     
  0.39000000000000001       0.29995927216987378     
  0.40000000000000002       0.29995927216987378     
  0.41000000000000003       0.29995927216987378     
  0.41999999999999998       0.29995927216987378     
  0.42999999999999999       0.29995927216987378     
  0.44000000000000000       0.29995927216987378     
  0.45000000000000001       0.29995927216987378     
  0.46000000000000002       0.29995927216987378     
  0.47000000000000003       0.29995927216987378     
  0.47999999999999998       0.29995927216987378     
  0.48999999999999999       0.29995927216987378     
  0.50000000000000000       0.29995927216987378     
  0.51000000000000001       0.29995927216987378     
  0.52000000000000002       0.29995927216987378     
  0.53000000000000003       0.29995927216987378     
  0.54000000000000004       0.29995927216987378     
  0.55000000000000004       0.29995927216987378     
  0.56000000000000005       0.29995927216987378     
  0.57000000000000006       0.29995927216987378     
  0.57999999999999996       0.29995927216987378     
  0.58999999999999997       0.29995927216987378     
  0.59999999999999998       0.29995927216987378     
  0.60999999999999999       0.29995927216987378     
  0.62000000000000000       0.29995927216987378     
  0.63000000000000000       0.29995927216987378     
  0.64000000000000001       0.29995927216987378     
  0.65000000000000002       0.29995927216987378     
  0.66000000000000003       0.29995927216987378     
  0.67000000000000004       0.29995927216987378     
  0.68000000000000005       0.29995927216987378     
  0.69000000000000006       0.29995927216987378     
  0.70000000000000007       0.29995927216987378     
  0.70999999999999996       0.29995927216987378     
  0.71999999999999997       0.29995927216987378     
  0.72999999999999998       0.29995927216987378     
  0.73999999999999999       0.29995927216987378     
  0.75000000000000000       0.29995927216987378     
  0.76000000000000001       0.29995927216987378     
  0.77000000000000002       0.29995927216987378     
  0.78000000000000003       0.29995927216987378     
  0.79000000000000004       0.29995927216987378     
  0.80000000000000004       0.29995927216987378     
  0.81000000000000005       0.29995927216987378     
  0.82000000000000006       0.29995927216987378     
  0.83000000000000007       0.29995927216987378     
  0.83999999999999997       0.29995927216987378     
  0.84999999999999998       0.29995927216987378     
  0.85999999999999999       0.29995927216987378     
  0.87000000000000000       0.29995927216987378     
  0.88000000000000000       0.29995927216987378     
  0.89000000000000001       0.29995927216987378     
  0.90000000000000002       0.29995927216987378     
  0.91000000000000003       0.29995927216987378     
  0.92000000000000004       0.29995927216987378     
  0.93000000000000005       0.29995927216987378     
  0.94000000000000006       0.29995927216987378     
  0.95000000000000007       0.29995927216987378     
  0.95999999999999996       0.29995927216987378     
  0.96999999999999997       0.29995927216987378     
  0.97999999999999998       0.29995927216987378     
  0.98999999999999999       0.29995927216987378     
   1.0000000000000000       0.29995927216987378     
   1.0100000000000000       0.29995927216987378     
   1.0200000000000000       0.29995927216987378     
   1.0300000000000000       0.29995927216987378     
   1.0400000000000000       0.29995927216987378     
   1.0500000000000000       0.29995927216987378     
   1.0600000000000001       0.29995927216987378     
   1.0700000000000001       0.29995927216987378     
   1.0800000000000001       0.29995927216987378     
   1.0900000000000001       0.29995927216987378     
   1.1000000000000001       0.29995927216987378     
   1.1100000000000001       0.29995927216987378     
   1.1200000000000001       0.29995927216987378     
   1.1300000000000001       0.29995927216987378     
   1.1400000000000001       0.29995927216987378     
   1.1500000000000001       0.29995927216987378     
   1.1599999999999999       0.29995927216987378     
   1.1699999999999999       0.29995927216987378     
   1.1799999999999999       0.29995927216987378     
   1.1899999999999999       0.29995927216987378     
   1.2000000000000000       0.29995927216987378     
   1.2100000000000000       0.29995927216987378     
   1.2200000000000000       0.29995927216987378     
   1.2300000000000000       0.29995927216987378     
   1.2400000000000000       0.29995927216987378     
   1.2500000000000000       0.29995927216987378     
   1.2600000000000000       0.29995927216987378     
   1.2700000000000000       0.29995927216987378     
   1.2800000000000000       0.29995927216987378     
   1.2900000000000000       0.29995927216987378     
   1.3000000000000000       0.29995927216987378     
   1.3100000000000001       0.29995927216987378     
   1.3200000000000001       0.29995927216987378     
   1.3300000000000001       0.29995927216987378     
   1.3400000000000001       0.29995927216987378     
   1.3500000000000001       0.29995927216987378     
   1.3600000000000001       0.29995927216987378     
   1.3700000000000001       0.29995927216987378     
   1.3800000000000001       0.29995927216987378     
   1.3900000000000001       0.29995927216987378     
   1.4000000000000001       0.29995927216987378     
   1.4099999999999999       0.29995927216987378     
   1.4199999999999999       0.29995927216987378     
   1.4299999999999999       0.29995927216987378     
   1.4399999999999999       0.29995927216987378     
   1.4500000000000000       0.29995927216987378     
   1.4600000000000000       0.29995927216987378     
   1.4700000000000000       0.29995927216987378     
   1.4800000000000000       0.29995927216987378     
   1.4900000000000000       0.29995927216987378     
   1.5000000000000000       0.29995927216987378     
   1.5100000000000000       0.29995927216987378     
   1.5200000000000000       0.29995927216987378     
   1.5300000000000000       0.29995927216987378     
   1.5400000000000000       0.29995927216987378     
   1.5500000000000000       0.29995927216987378     
   1.5600000000000001       0.29995927216987378     
   1.5700000000000001       0.29995927216987378     
   1.5800000000000001       0.29995927216987378     
   1.5900000000000001       0.29995927216987378     
   1.6000000000000001       0.29995927216987378     
   1.6100000000000001       0.29995927216987378     
   1.6200000000000001       0.29995927216987378     
   1.6300000000000001       0.29995927216987378     
   1.6400000000000001       0.29995927216987378     
   1.6500000000000001       0.29995927216987378     
   1.6600000000000001       0.29995927216987378     
   1.6699999999999999       0.29995927216987378     
   1.6799999999999999       0.29995927216987378     
   1.6899999999999999       0.29995927216987378     
   1.7000000000000000       0.29995927216987378     
   1.7100000000000000       0.29995927216987378     
   1.7200000000000000       0.29995927216987378     
   1.7300000000000000       0.29995927216987378     
   1.7400000000000000       0.29995927216987378     
   1.7500000000000000       0.29995927216987378     
   1.7600000000000000       0.29995927216987378     
   1.7700000000000000       0.29995927216987378     
   1.7800000000000000       0.29995927216987378     
   1.7900000000000000       0.29995927216987378     
   1.8000000000000000       0.29995927216987378     
   1.8100000000000001       0.29995927216987378     
   1.8200000000000001       0.29995927216987378     
   1.8300000000000001       0.29995927216987378     
   1.8400000000000001       0.29995927216987378     
   1.8500000000000001       0.29995927216987378     
   1.8600000000000001       0.29995927216987378     
   1.8700000000000001       0.29995927216987378     
   1.8800000000000001       0.29995927216987378     
   1.8900000000000001       0.29995927216987378     
   1.9000000000000001       0.29995927216987378     
   1.9100000000000001       0.29995927216987378     
   1.9199999999999999       0.29995927216987378     
   1.9299999999999999       0.29995927216987378     
   1.9399999999999999       0.29995927216987378     
   1.9500000000000000       0.29995927216987378     
   1.9600000000000000       0.29995927216987378     
   1.9700000000000000       0.29995927216987378     
   1.9800000000000000       0.29995927216987378     
   1.9900000000000000       0.29995927216987378     
   2.0000000000000000       0.29995927216987378     
   2.0100000000000002       0.29995927216987378     
   2.0200000000000000       0.29995927216987378     
   2.0300000000000002       0.29995927216987378     
   2.0400000000000000       0.29995927216987378     
   2.0499999999999998       0.29995927216987378     
   2.0600000000000001       0.29995927216987378     
   2.0699999999999998       0.29995927216987378     
   2.0800000000000001       0.29995927216987378     
   2.0899999999999999       0.29995927216987378     
   2.1000000000000001       0.29995927216987378     
   2.1099999999999999       0.29995927216987378     
   2.1200000000000001       0.29995927216987378     
   2.1299999999999999       0.29995927216987378     
   2.1400000000000001       0.29995927216987378     
   2.1499999999999999       0.29995927216987378     
   2.1600000000000001       0.29995927216987378     
   2.1699999999999999       0.29995927216987378     
   2.1800000000000002       0.29995927216987378     
   2.1899999999999999       0.29995927216987378     
   2.2000000000000002       0.29995927216987378     
   2.2100000000000000       0.29995927216987378     
   2.2200000000000002       0.29995927216987378     
   2.2300000000000000       0.29995927216987378     
   2.2400000000000002       0.29995927216987378     
   2.2500000000000000       0.29995927216987378     
   2.2600000000000002       0.29995927216987378     
   2.2700000000000000       0.29995927216987378     
   2.2800000000000002       0.29995927216987378     
   2.2900000000000000       0.29995927216987378     
   2.3000000000000003       0.29995927216987378     
   2.3100000000000001       0.29995927216987378     
   2.3199999999999998       0.29995927216987378     
   2.3300000000000001       0.29995927216987378     
   2.3399999999999999       0.29995927216987378     
   2.3500000000000001       0.29995927216987378     
   2.3599999999999999       0.29995927216987378     
   2.3700000000000001       0.29995927216987378     
   2.3799999999999999       0.29995927216987378     
   2.3900000000000001       0.29995927216987378     
   2.3999999999999999       0.29995927216987378     
   2.4100000000000001       0.29995927216987378     
   2.4199999999999999       0.29995927216987378     
   2.4300000000000002       0.29995927216987378     
   2.4399999999999999       0.29995927216987378     
   2.4500000000000002       0.29995927216987378     
   2.4600000000000000       0.29995927216987378     
   2.4700000000000002       0.29995927216987378     
   2.4800000000000000       0.29995927216987378     
   2.4900000000000002       0.29995927216987378     
   2.5000000000000000       0.29995927216987378     
   2.5100000000000002       0.29995927216987378     
   2.5200000000000000       0.29995927216987378     
   2.5300000000000002       0.29995927216987378     
   2.5400000000000000       0.29995927216987378     
   2.5500000000000003       0.29995927216987378     
   2.5600000000000001       0.29995927216987378     
   2.5699999999999998       0.29995927216987378     
   2.5800000000000001       0.29995927216987378     
   2.5899999999999999       0.29995927216987378     
   2.6000000000000001       0.29995927216987378     
   2.6099999999999999       0.29995927216987378     
   2.6200000000000001       0.29995927216987378     
   2.6299999999999999       0.29995927216987378     
   2.6400000000000001       0.29995927216987378     
   2.6499999999999999       0.29995927216987378     
   2.6600000000000001       0.29995927216987378     
   2.6699999999999999       0.29995927216987378     
   2.6800000000000002       0.29995927216987378     
   2.6899999999999999       0.29995927216987378     
   2.7000000000000002       0.29995927216987378     
   2.7100000000000000       0.29995927216987378     
   2.7200000000000002       0.29995927216987378     
   2.7300000000000000       0.29995927216987378     
   2.7400000000000002       0.29995927216987378     
   2.7500000000000000       0.29995927216987378     
   2.7600000000000002       0.29995927216987378     
   2.7700000000000000       0.29995927216987378     
   2.7800000000000002       0.29995927216987378     
   2.7900000000000000       0.29995927216987378     
   2.8000000000000003       0.29995927216987378     
   2.8100000000000001       0.29995927216987378     
   2.8199999999999998       0.29995927216987378     
   2.8300000000000001       0.29995927216987378     
   2.8399999999999999       0.29995927216987378     
   2.8500000000000001       0.29995927216987378     
   2.8599999999999999       0.29995927216987378     
   2.8700000000000001       0.29995927216987378     
   2.8799999999999999       0.29995927216987378     
   2.8900000000000001       0.29995927216987378     
   2.8999999999999999       0.29995927216987378     
   2.9100000000000001       0.29995927216987378     
   2.9199999999999999       0.29995927216987378     
   2.9300000000000002       0.29995927216987378     
   2.9399999999999999       0.29995927216987378     
   2.9500000000000002       0.29995927216987378     
   2.9600000000000000       0.29995927216987378     
   2.9700000000000002       0.29995927216987378     
   2.9800000000000000       0.29995927216987378     
   2.9900000000000002       0.29995927216987378     
   3.0000000000000000       0.29995927216987378     
   3.0100000000000002       0.29995927216987378     
   3.0200000000000000       0.29995927216987378     
   3.0300000000000002       0.29995927216987378     
   3.0400000000000000       0.29995927216987378     
   3.0500000000000003       0.29995927216987378     
   3.0600000000000001       0.29995927216987378     
   3.0700000000000003       0.29995927216987378     
   3.0800000000000001       0.29995927216987378     
   3.0899999999999999       0.29995927216987378     
   3.1000000000000001       0.29995927216987378     
   3.1099999999999999       0.29995927216987378     
   3.1200000000000001       0.29995927216987378     
   3.1299999999999999       0.29995927216987378     
   3.1400000000000001       0.29995927216987378     
   3.1499999999999999       0.29995927216987378     
   3.1600000000000001       0.29995927216987378     
   3.1699999999999999       0.29995927216987378     
   3.1800000000000002       0.29995927216987378     
   3.1899999999999999       0.29995927216987378     
   3.2000000000000002       0.29995927216987378     
   3.2100000000000000       0.29995927216987378     
   3.2200000000000002       0.29995927216987378     
   3.2300000000000000       0.29995927216987378     
   3.2400000000000002       0.29995927216987378     
   3.2500000000000000       0.29995927216987378     
   3.2600000000000002       0.29995927216987378     
   3.2700000000000000       0.29995927216987378     
   3.2800000000000002       0.29995927216987378     
   3.2900000000000000       0.29995927216987378     
   3.3000000000000003       0.29995927216987378     
   3.3100000000000001       0.29995927216987378     
   3.3200000000000003       0.29995927216987378     
   3.3300000000000001       0.29995927216987378     
   3.3399999999999999       0.29995927216987378     
   3.3500000000000001       0.29995927216987378     
   3.3599999999999999       0.29995927216987378     
   3.3700000000000001       0.29995927216987378     
   3.3799999999999999       0.29995927216987378     
   3.3900000000000001       0.29995927216987378     
   3.3999999999999999       0.29995927216987378     
   3.4100000000000001       0.29995927216987378     
   3.4199999999999999       0.29995927216987378     
   3.4300000000000002       0.29995927216987378     
   3.4399999999999999       0.29995927216987378     
   3.4500000000000002       0.29995927216987378     
   3.4600000000000000       0.29995927216987378     
   3.4700000000000002       0.29995927216987378     
   3.4800000000000000       0.29995927216987378     
   3.4900000000000002       0.29995927216987378     
   3.5000000000000000       0.29995927216987378     
   3.5100000000000002       0.29995927216987378     
   3.5200000000000000       0.29995927216987378     
   3.5300000000000002       0.29995927216987378     
   3.5400000000000000       0.29995927216987378     
   3.5500000000000003       0.29995927216987378     
   3.5600000000000001       0.29995927216987378     
   3.5700000000000003       0.29995927216987378     
   3.5800000000000001       0.29995927216987378     
   3.5899999999999999       0.29995927216987378     
   3.6000000000000001       0.29995927216987378     
   3.6099999999999999       0.29995927216987378     
   3.6200000000000001       0.29995927216987378     
   3.6299999999999999       0.29995927216987378     
   3.6400000000000001       0.29995927216987378     
   3.6499999999999999       0.29995927216987378     
   3.6600000000000001       0.29995927216987378     
   3.6699999999999999       0.29995927216987378     
   3.6800000000000002       0.29995927216987378     
   3.6899999999999999       0.29995927216987378     
   3.7000000000000002       0.29995927216987378     
   3.7100000000000000       0.29995927216987378     
   3.7200000000000002       0.29995927216987378     
   3.7300000000000000       0.29995927216987378     
   3.7400000000000002       0.29995927216987378     
   3.7500000000000000       0.29995927216987378     
   3.7600000000000002       0.29995927216987378     
   3.7700000000000000       0.29995927216987378     
   3.7800000000000002       0.29995927216987378     
   3.7900000000000000       0.29995927216987378     
   3.8000000000000003       0.29995927216987378     
   3.8100000000000001       0.29995927216987378     
   3.8200000000000003       0.29995927216987378     
   3.8300000000000001       0.29995927216987378     
   3.8399999999999999       0.29995927216987378     
   3.8500000000000001       0.29995927216987378     
   3.8599999999999999       0.29995927216987378     
   3.8700000000000001       0.29995927216987378     
   3.8799999999999999       0.29995927216987378     
   3.8900000000000001       0.29995927216987378     
   3.8999999999999999       0.29995927216987378     
   3.9100000000000001       0.29995927216987378     
   3.9199999999999999       0.29995927216987378     
   3.9300000000000002       0.29995793756161071     
   3.9399999999999999       0.29987043372177374     
   3.9500000000000002       0.29965127168570777     
   3.9600000000000000       0.29930740146557572     
   3.9700000000000002       0.29884546689967206     
   3.9800000000000000       0.29827181885109516     
   3.9900000000000002       0.29759252782542678     
   4.0000000000000000       0.29681339603392642     
   4.0099999999999998       0.29593996892748575     
   4.0200000000000005       0.29497754622539218     
   4.0300000000000002       0.29393119246181171     
   4.0400000000000000       0.29280574707181933     
   4.0499999999999998       0.29160583403777590     
   4.0600000000000005       0.29033587111587378     
   4.0700000000000003       0.28900007866174116     
   4.0800000000000001       0.28760248807311189     
   4.0899999999999999       0.28614694986672590     
   4.0999999999999996       0.28463714140582375     
   4.1100000000000003       0.28307657429384037     
   4.1200000000000001       0.28146860144917407     
   4.1299999999999999       0.27981642387521993     
   4.1399999999999997       0.27812309713920197     
   4.1500000000000004       0.27639153757271090     
   4.1600000000000001       0.27462452820626160     
   4.1699999999999999       0.27282472444961586     
   4.1799999999999997       0.27099465952908358     
   4.1900000000000004       0.26913674969249307     
   4.2000000000000002       0.26725329919204172     
   4.2100000000000000       0.26534650505476431     
   4.2199999999999998       0.26341846164992122     
   4.2300000000000004       0.26147116506218016     
   4.2400000000000002       0.25950651727906582     
   4.2500000000000000       0.25752633020076643     
   4.2599999999999998       0.25553232948002491     
   4.2700000000000005       0.25352615819948815     
   4.2800000000000002       0.25150938039356324     
   4.2900000000000000       0.24948348442150453     
   4.2999999999999998       0.24744988619816338     
   4.3100000000000005       0.24540993228853900     
   4.3200000000000003       0.24336490287199378     
   4.3300000000000001       0.24131601458174098     
   4.3399999999999999       0.23926442322495714     
   4.3500000000000005       0.23721122638863829     
   4.3600000000000003       0.23515746593609108     
   4.3700000000000001       0.23310413039872857     
   4.3799999999999999       0.23105215726764602     
   4.3899999999999997       0.22900243518924121     
   4.4000000000000004       0.22695580606896545     
   4.4100000000000001       0.22491306708710934     
   4.4199999999999999       0.22287497263035330     
   4.4299999999999997       0.22084223614265555     
   4.4400000000000004       0.21881553189888830     
   4.4500000000000002       0.21679549670448850     
   4.4600000000000000       0.21478273152424360     
   4.4699999999999998       0.21277780304320051     
   4.4800000000000004       0.21078124516255470     
   4.4900000000000002       0.20879356043325267     
   4.5000000000000000       0.20681522142992093     
   4.5099999999999998       0.20484667206762744     
   4.5200000000000005       0.20288832886386679     
   4.5300000000000002       0.20094058214806287     
   4.5400000000000000       0.19900379722077788     
   4.5499999999999998       0.19707831546473206     
   4.5600000000000005       0.19516445540963873     
   4.5700000000000003       0.19326251375277992     
   4.5800000000000001       0.19137276633716185     
   4.5899999999999999       0.18949546908901460     
   4.6000000000000005       0.18763085891632195     
   4.6100000000000003       0.18577915456999861     
   4.6200000000000001       0.18394055746925952     
   4.6299999999999999       0.18211525249266608     
   4.6399999999999997       0.18030340873626594     
   4.6500000000000004       0.17850518024018572     
   4.6600000000000001       0.17672070668498044     
   4.6699999999999999       0.17495011405898250     
   4.6799999999999997       0.17319351529784860     
   4.6900000000000004       0.17145101089744688     
   4.7000000000000002       0.16972268950118086     
   4.7100000000000000       0.16800862846280049     
   4.7199999999999998       0.16630889438570662     
   4.7300000000000004       0.16462354363971463     
   4.7400000000000002       0.16295262285619899     
   4.7500000000000000       0.16129616940250571     
   4.7599999999999998       0.15965421183648251     
   4.7700000000000005       0.15802677034193768     
   4.7800000000000002       0.15641385714581102     
   4.7900000000000000       0.15481547691779965     
   4.7999999999999998       0.15323162715315947     
   4.8100000000000005       0.15166229853936739     
   4.8200000000000003       0.15010747530730292     
   4.8300000000000001       0.14856713556757944     
   4.8399999999999999       0.14704125163263332     
   4.8500000000000005       0.14552979032514834     
   4.8600000000000003       0.14403271327337497     
   4.8700000000000001       0.14254997719387422     
   4.8799999999999999       0.14108153416220254     
   4.8899999999999997       0.13962733187202614     
   4.9000000000000004       0.13818731388313449     
   4.9100000000000001       0.13676141985880830     
   4.9199999999999999       0.13534958579297038     
   4.9299999999999997       0.13395174422753939     
   4.9400000000000004       0.13256782446038165     
   4.9500000000000002       0.13119775274424569     
   4.9600000000000000       0.12984145247704354     
   4.9699999999999998       0.12849884438383416     
   4.9800000000000004       0.12716984669084377     
   4.9900000000000002       0.12585437529184859     
   5.0000000000000000       0.12455234390722929     
   5.0099999999999998       0.12326366423599676     
   5.0200000000000005       0.12198824610107484     
   5.0300000000000002       0.12072599758811477     
   5.0400000000000000       0.11947682517810337     
   5.0499999999999998       0.11824063387402071     
   5.0600000000000005       0.11701732732178655     
   5.0700000000000003       0.11580680792573197     
   5.0800000000000001       0.11460897695881554     
   5.0899999999999999       0.11342373466780296     
   5.1000000000000005       0.11225098037361245     
   5.1100000000000003       0.11109061256702629     
   5.1200000000000001       0.10994252899995502     
   5.1299999999999999       0.10880662677243996     
   5.1399999999999997       0.10768280241556649     
   5.1500000000000004       0.10657095197045557     
   5.1600000000000001       0.10547097106349718     
   5.1699999999999999       0.10438275497797625     
   5.1799999999999997       0.10330619872224354     
   5.1900000000000004       0.10224119709457125     
   5.2000000000000002       0.10118764474483107     
   5.2100000000000000       0.10014543623312570     
   5.2199999999999998       9.91144660855003690E-002
   5.2300000000000004       9.80946288468548255E-002
   5.2400000000000002       9.70858191311724655E-002
   5.2500000000000000       9.60879316691773677E-002
   5.2599999999999998       9.51008613535273273E-002
   5.2700000000000005       9.41245032816447336E-002
   5.2800000000000002       9.31587527962853823E-002
   5.2900000000000000       9.22035055239378010E-002
   5.2999999999999998       9.12586574111464571E-002
   5.3100000000000005       9.03241047588443507E-002
   5.3200000000000003       8.93997442547809495E-002
   5.3300000000000001       8.84854730041225584E-002
   5.3399999999999999       8.75811885583067939E-002
   5.3500000000000005       8.66867889422216764E-002
   5.3600000000000003       8.58021726797833784E-002
   5.3700000000000001       8.49272388179786036E-002
   5.3799999999999999       8.40618869494393073E-002
   5.3899999999999997       8.32060172336119702E-002
   5.4000000000000004       8.23595304165819220E-002
   5.4100000000000001       8.15223278496110398E-002
   5.4199999999999999       8.06943115064448074E-002
   5.4299999999999997       7.98753839994416903E-002
   5.4400000000000004       7.90654485945772173E-002
   5.4500000000000002       7.82644092253717005E-002
   5.4600000000000000       7.74721705057882931E-002
   5.4699999999999998       7.66886377421479998E-002
   5.4800000000000004       7.59137169441053972E-002
   5.4900000000000002       7.51473148347258646E-002
   5.5000000000000000       7.43893388597049871E-002
   5.5099999999999998       7.36396971957700153E-002
   5.5200000000000005       7.28982987582985908E-002
   5.5300000000000002       7.21650532081917206E-002
   5.5400000000000000       7.14398709580342794E-002
   5.5499999999999998       7.07226631775764586E-002
   5.5600000000000005       7.00133417985674689E-002
   5.5700000000000003       6.93118195189713765E-002
   5.5800000000000001       6.86180098065942989E-002
   5.5899999999999999       6.79318269021508131E-002
   5.6000000000000005       6.72531858217962908E-002
   5.6100000000000003       6.65820023591505578E-002
   5.6200000000000001       6.59181930868369820E-002
   5.6299999999999999       6.52616753575621933E-002
   5.6399999999999997       6.46123673047569042E-002
   5.6500000000000004       6.39701878428008408E-002
   5.6600000000000001       6.33350566668526432E-002
   5.6699999999999999       6.27068942523034828E-002
   5.6799999999999997       6.20856218538749297E-002
   5.6900000000000004       6.14711615043783133E-002
   5.7000000000000002       6.08634360131542970E-002
   5.7100000000000000       6.02623689642078492E-002
   5.7199999999999998       5.96678847140564711E-002
   5.7300000000000004       5.90799083893062890E-002
   5.7400000000000002       5.84983658839707613E-002
   5.7500000000000000       5.79231838565465798E-002
   5.7599999999999998       5.73542897268603039E-002
   5.7700000000000005       5.67916116726987358E-002
   5.7800000000000002       5.62350786262355642E-002
   5.7900000000000000       5.56846202702661261E-002
   5.7999999999999998       5.51401670342618958E-002
   5.8100000000000005       5.46016500902557697E-002
   5.8200000000000003       5.40690013485686585E-002
   5.8300000000000001       5.35421534533870036E-002
   5.8399999999999999       5.30210397782015161E-002
   5.8500000000000005       5.25055944211160683E-002
   5.8600000000000003       5.19957522000355638E-002
   5.8700000000000001       5.14914486477409394E-002
   5.8799999999999999       5.09926200068600774E-002
   5.8899999999999997       5.04992032247418357E-002
   5.9000000000000004       5.00111359482403872E-002
   5.9100000000000001       4.95283565184179431E-002
   5.9199999999999999       4.90508039651709818E-002
   5.9299999999999997       4.85784180017882275E-002
   5.9400000000000004       4.81111390194449498E-002
   5.9500000000000002       4.76489080816410379E-002
   5.9600000000000000       4.71916669185865056E-002
   5.9699999999999998       4.67393579215419908E-002
   5.9800000000000004       4.62919241371174128E-002
   5.9900000000000002       4.58493092615354092E-002
   6.0000000000000000       4.54114576348623109E-002
   6.0099999999999998       4.49783142352129725E-002
   6.0200000000000005       4.45498246729324268E-002
   6.0300000000000002       4.41259351847590672E-002
   6.0400000000000000       4.37065926279723155E-002
   6.0499999999999998       4.32917444745300126E-002
   6.0600000000000005       4.28813388051969765E-002
   6.0700000000000003       4.24753243036702019E-002
   6.0800000000000001       4.20736502507016996E-002
   6.0899999999999999       4.16762665182236272E-002
   6.1000000000000005       4.12831235634779983E-002
   6.1100000000000003       4.08941724231530260E-002
   6.1200000000000001       4.05093647075298116E-002
   6.1299999999999999       4.01286525946409761E-002
   6.1400000000000006       3.97519888244436265E-002
   6.1500000000000004       3.93793266930094824E-002
   6.1600000000000001       3.90106200467329051E-002
   6.1699999999999999       3.86458232765604995E-002
   6.1799999999999997       3.82848913122425180E-002
   6.1900000000000004       3.79277796166087242E-002
   6.2000000000000002       3.75744441798705336E-002
   6.2100000000000000       3.72248415139497177E-002
   6.2199999999999998       3.68789286468368255E-002
   6.2300000000000004       3.65366631169791733E-002
   6.2400000000000002       3.61980029677011067E-002
   6.2500000000000000       3.58629067416560074E-002
   6.2599999999999998       3.55313334753130095E-002
   6.2700000000000005       3.52032426934781942E-002
   6.2800000000000002       3.48785944038517703E-002
   6.2900000000000000       3.45573490916219334E-002
   6.2999999999999998       3.42394677140966316E-002
   6.3100000000000005       3.39249116953734137E-002
   6.3200000000000003       3.36136429210488405E-002
   6.3300000000000001       3.33056237329675472E-002
   6.3399999999999999       3.30008169240115917E-002
   6.3500000000000005       3.26991857329312768E-002
   6.3600000000000003       3.24006938392173011E-002
   6.3700000000000001       3.21053053580147088E-002
   6.3799999999999999       3.18129848350799244E-002
   6.3900000000000006       3.15236972417799743E-002
   6.4000000000000004       3.12374079701354980E-002
   6.4100000000000001       3.09540828279067474E-002
   6.4199999999999999       3.06736880337239275E-002
   6.4299999999999997       3.03961902122609554E-002
   6.4400000000000004       3.01215563894540878E-002
   6.4500000000000002       2.98497539877643839E-002
   6.4600000000000000       2.95807508214850426E-002
   6.4699999999999998       2.93145150920931831E-002
   6.4800000000000004       2.90510153836465133E-002
   6.4900000000000002       2.87902206582248583E-002
   6.5000000000000000       2.85321002514159795E-002
   6.5099999999999998       2.82766238678469860E-002
   6.5200000000000005       2.80237615767598945E-002
   6.5300000000000002       2.77734838076322509E-002
   6.5400000000000000       2.75257613458424893E-002
   6.5499999999999998       2.72805653283797120E-002
   6.5600000000000005       2.70378672395982338E-002
   6.5700000000000003       2.67976389070164120E-002
   6.5800000000000001       2.65598524971596486E-002
   6.5899999999999999       2.63244805114477565E-002
   6.6000000000000005       2.60914957821262346E-002
   6.6100000000000003       2.58608714682411790E-002
   6.6200000000000001       2.56325810516580682E-002
   6.6299999999999999       2.54065983331236318E-002
   6.6400000000000006       2.51828974283712995E-002
   6.6500000000000004       2.49614527642692818E-002
   6.6600000000000001       2.47422390750116038E-002
   6.6699999999999999       2.45252313983514228E-002
   6.6799999999999997       2.43104050718769490E-002
   6.6900000000000004       2.40977357293287488E-002
   6.7000000000000002       2.38871992969594792E-002
   6.7100000000000000       2.36787719899344620E-002
   6.7199999999999998       2.34724303087736341E-002
   6.7300000000000004       2.32681510358342981E-002
   6.7400000000000002       2.30659112318346640E-002
   6.7500000000000000       2.28656882324171536E-002
   6.7599999999999998       2.26674596447521033E-002
   6.7700000000000005       2.24712033441808526E-002
   6.7800000000000002       2.22768974708982617E-002
   6.7900000000000000       2.20845204266741299E-002
   6.7999999999999998       2.18940508716133631E-002
   6.8100000000000005       2.17054677209542919E-002
   6.8200000000000003       2.15187501419054038E-002
   6.8300000000000001       2.13338775505192563E-002
   6.8399999999999999       2.11508296086040798E-002
   6.8500000000000005       2.09695862206721491E-002
   6.8600000000000003       2.07901275309250941E-002
   6.8700000000000001       2.06124339202751437E-002
   6.8799999999999999       2.04364860034027158E-002
   6.8900000000000006       2.02622646258494160E-002
   6.9000000000000004       2.00897508611464527E-002
   6.9100000000000001       1.99189260079778128E-002
   6.9199999999999999       1.97497715873782460E-002
   6.9299999999999997       1.95822693399653365E-002
   6.9400000000000004       1.94164012232056170E-002
   6.9500000000000002       1.92521494087141871E-002
   6.9600000000000000       1.90894962795874236E-002
   6.9699999999999998       1.89284244277687606E-002
   6.9800000000000004       1.87689166514468722E-002
   6.9900000000000002       1.86109559524861128E-002
   7.0000000000000000       1.84545255338887174E-002
   7.0099999999999998       1.82996087972885392E-002
   7.0200000000000005       1.81461893404759288E-002
   7.0300000000000002       1.79942509549535674E-002
   7.0400000000000000       1.78437776235225200E-002
   7.0499999999999998       1.76947535178986724E-002
   7.0600000000000005       1.75471629963588477E-002
   7.0700000000000003       1.74009906014165085E-002
   7.0800000000000001       1.72562210575264718E-002
   7.0899999999999999       1.71128392688185797E-002
   7.1000000000000005       1.69708303168597530E-002
   7.1100000000000003       1.68301794584443318E-002
   7.1200000000000001       1.66908721234121128E-002
   7.1299999999999999       1.65528939124940239E-002
   7.1400000000000006       1.64162305951849781E-002
   7.1500000000000004       1.62808681076435854E-002
   7.1600000000000001       1.61467925506184780E-002
   7.1699999999999999       1.60139901874008367E-002
   7.1799999999999997       1.58824474418029771E-002
   7.1900000000000004       1.57521508961624424E-002
   7.2000000000000002       1.56230872893715726E-002
   7.2100000000000000       1.54952435149319865E-002
   7.2199999999999998       1.53686066190339091E-002
   7.2300000000000004       1.52431637986598419E-002
   7.2400000000000002       1.51189023997125357E-002
   7.2500000000000000       1.49958099151665629E-002
   7.2599999999999998       1.48738739832437097E-002
   7.2700000000000005       1.47530823856114983E-002
   7.2800000000000002       1.46334230456047765E-002
   7.2900000000000000       1.45148840264699690E-002
   7.2999999999999998       1.43974535296317232E-002
   7.3100000000000005       1.42811198929818483E-002
   7.3200000000000003       1.41658715891900475E-002
   7.3300000000000001       1.40516972240362185E-002
   7.3399999999999999       1.39385855347641772E-002
   7.3500000000000005       1.38265253884564451E-002
   7.3600000000000003       1.37155057804298347E-002
   7.3700000000000001       1.36055158326515626E-002
   7.3799999999999999       1.34965447921757478E-002
   7.3900000000000006       1.33885820295998274E-002
   7.4000000000000004       1.32816170375409364E-002
   7.4100000000000001       1.31756394291315960E-002
   7.4199999999999999       1.30706389365349198E-002
   7.4299999999999997       1.29666054094787608E-002
   7.4400000000000004       1.28635288138086428E-002
   7.4500000000000002       1.27613992300593740E-002
   7.4600000000000000       1.26602068520448446E-002
   7.4699999999999998       1.25599419854660627E-002
   7.4800000000000004       1.24605950465369718E-002
   7.4900000000000002       1.23621565606279581E-002
   7.5000000000000000       1.22646171609267392E-002
   7.5099999999999998       1.21679675871164735E-002
   7.5200000000000005       1.20721986840708079E-002
   7.5300000000000002       1.19773014005657482E-002
   7.5400000000000000       1.18832667880079748E-002
   7.5499999999999998       1.17900859991795243E-002
   7.5600000000000005       1.16977502869986191E-002
   7.5700000000000003       1.16062510032964115E-002
   7.5800000000000001       1.15155795976092934E-002
   7.5899999999999999       1.14257276159868693E-002
   7.6000000000000005       1.13366866998151801E-002
   7.6100000000000003       1.12484485846549472E-002
   7.6200000000000001       1.11610050990948381E-002
   7.6299999999999999       1.10743481636193363E-002
   7.6400000000000006       1.09884697894911919E-002
   7.6500000000000004       1.09033620776482210E-002
   7.6600000000000001       1.08190172176141543E-002
   7.6699999999999999       1.07354274864235374E-002
   7.6799999999999997       1.06525852475603602E-002
   7.6900000000000004       1.05704829499103110E-002
   7.7000000000000002       1.04891131267264293E-002
   7.7100000000000000       1.04084683946079944E-002
   7.7199999999999998       1.03285414524925036E-002
   7.7300000000000004       1.02493250806605530E-002
   7.7400000000000002       1.01708121397534341E-002
   7.7500000000000000       1.00929955698033022E-002
   7.7599999999999998       1.00158683892757408E-002
   7.7700000000000005       9.93942369412454708E-003
   7.7800000000000002       9.86365465685867457E-003
   7.7900000000000000       9.78855452562092838E-003
   7.7999999999999998       9.71411662327861108E-003
   7.8100000000000005       9.64033434652564365E-003
   7.8200000000000003       9.56720116499621895E-003
   7.8300000000000001       9.49471062038967709E-003
   7.8399999999999999       9.42285632560661487E-003
   7.8500000000000005       9.35163196389596219E-003
   7.8600000000000003       9.28103128801296973E-003
   7.8700000000000001       9.21104811938780986E-003
   7.8799999999999999       9.14167634730488933E-003
   7.8900000000000006       9.07290992809250442E-003
   7.9000000000000004       9.00474288432286281E-003
   7.9100000000000001       8.93716930402222408E-003
   7.9199999999999999       8.87018333989111028E-003
   7.9300000000000006       8.80377920853436975E-003
   7.9400000000000004       8.73795118970110973E-003
   7.9500000000000002       8.67269362553414053E-003
   7.9600000000000000       8.60800091982902131E-003
   7.9699999999999998       8.54386753730248735E-003
   7.9800000000000004       8.48028800287011462E-003
   7.9900000000000002       8.41725690093316284E-003
   8.0000000000000000       8.35476887467439741E-003
   8.0099999999999998       8.29281862536284872E-003
   8.0199999999999996       8.23140091166735775E-003
   8.0299999999999994       8.17051054897878666E-003
   8.0400000000000009       8.11014240874076940E-003
   8.0500000000000007       8.05029141778895729E-003
   8.0600000000000005       7.99095255769851145E-003
   8.0700000000000003       7.93212086413991498E-003
   8.0800000000000001       7.87379142624283941E-003
   8.0899999999999999       7.81595938596802049E-003
   8.0999999999999996       7.75861993748707540E-003
   8.1099999999999994       7.70176832657007600E-003
   8.1200000000000010       7.64539984998082681E-003
   8.1300000000000008       7.58950985487979578E-003
   8.1400000000000006       7.53409373823443144E-003
   8.1500000000000004       7.47914694623695760E-003
   8.1600000000000001       7.42466497372944352E-003
   8.1699999999999999       7.37064336363608096E-003
   8.1799999999999997       7.31707770640255620E-003
   8.1899999999999995       7.26396363944244779E-003
   8.1999999999999993       7.21129684659054925E-003
   8.2100000000000009       7.15907305756299708E-003
   8.2200000000000006       7.10728804742421540E-003
   8.2300000000000004       7.05593763606037275E-003
   8.2400000000000002       7.00501768765956524E-003
   8.2500000000000000       6.95452411019836444E-003
   8.2599999999999998       6.90445285493481060E-003
   8.2699999999999996       6.85479991590770381E-003
   8.2799999999999994       6.80556132944213840E-003
   8.2900000000000009       6.75673317366112976E-003
   8.3000000000000007       6.70831156800340452E-003
   8.3100000000000005       6.66029267274706460E-003
   8.3200000000000003       6.61267268853923691E-003
   8.3300000000000001       6.56544785593152474E-003
   8.3399999999999999       6.51861445492121945E-003
   8.3499999999999996       6.47216880449819325E-003
   8.3599999999999994       6.42610726219737353E-003
   8.3700000000000010       6.38042622365678561E-003
   8.3800000000000008       6.33512212218103731E-003
   8.3900000000000006       6.29019142831017345E-003
   8.4000000000000004       6.24563064939386969E-003
   8.4100000000000001       6.20143632917087920E-003
   8.4199999999999999       6.15760504735361758E-003
   8.4299999999999997       6.11413341921793457E-003
   8.4399999999999995       6.07101809519785401E-003
   8.4499999999999993       6.02825576048533242E-003
   8.4600000000000009       5.98584313463491283E-003
   8.4700000000000006       5.94377697117329760E-003
   8.4800000000000004       5.90205405721357535E-003
   8.4900000000000002       5.86067121307429651E-003
   8.5000000000000000       5.81962529190316411E-003
   8.5099999999999998       5.77891317930533197E-003
   8.5199999999999996       5.73853179297622792E-003
   8.5299999999999994       5.69847808233890207E-003
   8.5400000000000009       5.65874902818576300E-003
   8.5500000000000007       5.61934164232472978E-003
   8.5600000000000005       5.58025296722961667E-003
   8.5700000000000003       5.54148007569487105E-003
   8.5800000000000001       5.50302007049443143E-003
   8.5899999999999999       5.46487008404479297E-003
   8.5999999999999996       5.42702727807212529E-003
   8.6099999999999994       5.38948884328346346E-003
   8.6200000000000010       5.35225199904183855E-003
   8.6300000000000008       5.31531399304542747E-003
   8.6400000000000006       5.27867210101048978E-003
   8.6500000000000004       5.24232362635822149E-003
   8.6600000000000001       5.20626589990535408E-003
   8.6699999999999999       5.17049627955849106E-003
   8.6799999999999997       5.13501215001217846E-003
   8.6899999999999995       5.09981092245054193E-003
   8.7000000000000011       5.06489003425258932E-003
   8.7100000000000009       5.03024694870104865E-003
   8.7200000000000006       4.99587915469465460E-003
   8.7300000000000004       4.96178416646396447E-003
   8.7400000000000002       4.92795952329056451E-003
   8.7500000000000000       4.89440278922962692E-003
   8.7599999999999998       4.86111155283581488E-003
   8.7699999999999996       4.82808342689248094E-003
   8.7799999999999994       4.79531604814408680E-003
   8.7900000000000009       4.76280707703181407E-003
   8.8000000000000007       4.73055419743240689E-003
   8.8100000000000005       4.69855511640002600E-003
   8.8200000000000003       4.66680756391127383E-003
   8.8300000000000001       4.63530929261322250E-003
   8.8399999999999999       4.60405807757444455E-003
   8.8499999999999996       4.57305171603902046E-003
   8.8599999999999994       4.54228802718344843E-003
   8.8700000000000010       4.51176485187648312E-003
   8.8800000000000008       4.48148005244179606E-003
   8.8900000000000006       4.45143151242344878E-003
   8.9000000000000004       4.42161713635417109E-003
   8.9100000000000001       4.39203484952637325E-003
   8.9199999999999999       4.36268259776585298E-003
   8.9299999999999997       4.33355834720820787E-003
   8.9399999999999995       4.30466008407787495E-003
   8.9500000000000011       4.27598581446976631E-003
   8.9600000000000009       4.24753356413351286E-003
   8.9700000000000006       4.21930137826022605E-003
   8.9800000000000004       4.19128732127175500E-003
   8.9900000000000002       4.16348947661249191E-003
   9.0000000000000000       4.13590594654353935E-003
   9.0099999999999998       4.10853485193935029E-003
   9.0199999999999996       4.08137433208675352E-003
   9.0299999999999994       4.05442254448629743E-003
   9.0400000000000009       4.02767766465596602E-003
   9.0500000000000007       4.00113788593718309E-003
   9.0600000000000005       3.97480141930304891E-003
   9.0700000000000003       3.94866649316886337E-003
   9.0800000000000001       3.92273135320485213E-003
   9.0899999999999999       3.89699426215105301E-003
   9.0999999999999996       3.87145349963438678E-003
   9.1099999999999994       3.84610736198785687E-003
   9.1200000000000010       3.82095416207183392E-003
   9.1300000000000008       3.79599222909744087E-003
   9.1400000000000006       3.77121990845197437E-003
   9.1500000000000004       3.74663556152635092E-003
   9.1600000000000001       3.72223756554458099E-003
   9.1699999999999999       3.69802431339517944E-003
   9.1799999999999997       3.67399421346455970E-003
   9.1899999999999995       3.65014568947234341E-003
   9.2000000000000011       3.62647718030856313E-003
   9.2100000000000009       3.60298713987277633E-003
   9.2200000000000006       3.57967403691499594E-003
   9.2300000000000004       3.55653635487847460E-003
   9.2400000000000002       3.53357259174430938E-003
   9.2500000000000000       3.51078125987781906E-003
   9.2599999999999998       3.48816088587668768E-003
   9.2699999999999996       3.46571001042087152E-003
   9.2799999999999994       3.44342718812419785E-003
   9.2900000000000009       3.42131098738769060E-003
   9.3000000000000007       3.39935999025458039E-003
   9.3100000000000005       3.37757279226693925E-003
   9.3200000000000003       3.35594800232399916E-003
   9.3300000000000001       3.33448424254205716E-003
   9.3399999999999999       3.31318014811599407E-003
   9.3499999999999996       3.29203436718238009E-003
   9.3599999999999994       3.27104556068411869E-003
   9.3700000000000010       3.25021240223665429E-003
   9.3800000000000008       3.22953357799569095E-003
   9.3900000000000006       3.20900778652641328E-003
   9.4000000000000004       3.18863373867420098E-003
   9.4100000000000001       3.16841015743680185E-003
   9.4199999999999999       3.14833577783796411E-003
   9.4299999999999997       3.12840934680248340E-003
   9.4399999999999995       3.10862962303269088E-003
   9.4500000000000011       3.08899537688630795E-003
   9.4600000000000009       3.06950539025570594E-003
   9.4700000000000006       3.05015845644851123E-003
   9.4800000000000004       3.03095338006956422E-003
   9.4900000000000002       3.01188897690421410E-003
   9.5000000000000000       2.99296407380291373E-003
   9.5099999999999998       2.97417750856712780E-003
   9.5199999999999996       2.95552812983651721E-003
   9.5299999999999994       2.93701479697737510E-003
   9.5400000000000009       2.91863637997234662E-003
   9.5500000000000007       2.90039175931136508E-003
   9.5600000000000005       2.88227982588379426E-003
   9.5700000000000003       2.86429948087181616E-003
   9.5800000000000001       2.84644963564497549E-003
   9.5899999999999999       2.82872921165592053E-003
   9.5999999999999996       2.81113714033730906E-003
   9.6099999999999994       2.79367236299984511E-003
   9.6200000000000010       2.77633383073147208E-003
   9.6300000000000008       2.75912050429768857E-003
   9.6400000000000006       2.74203135404294798E-003
   9.6500000000000004       2.72506535979317619E-003
   9.6600000000000001       2.70822151075936907E-003
   9.6699999999999999       2.69149880544225506E-003
   9.6799999999999997       2.67489625153801303E-003
   9.6899999999999995       2.65841286584503171E-003
   9.7000000000000011       2.64204767417170784E-003
   9.7100000000000009       2.62579971124527259E-003
   9.7200000000000006       2.60966802062158722E-003
   9.7300000000000004       2.59365165459597875E-003
   9.7400000000000002       2.57774967411503013E-003
   9.7500000000000000       2.56196114868935398E-003
   9.7599999999999998       2.54628515630732051E-003
   9.7699999999999996       2.53072078334974117E-003
   9.7799999999999994       2.51526712450547653E-003
   9.7900000000000009       2.49992328268798308E-003
   9.8000000000000007       2.48468836895276903E-003
   9.8100000000000005       2.46956150241576080E-003
   9.8200000000000003       2.45454181017254729E-003
   9.8300000000000001       2.43962842721852239E-003
   9.8399999999999999       2.42482049636990379E-003
   9.8499999999999996       2.41011716818559070E-003
   9.8599999999999994       2.39551760088990316E-003
   9.8700000000000010       2.38102096029613316E-003
   9.8800000000000008       2.36662641973096584E-003
   9.8900000000000006       2.35233315995968207E-003
   9.9000000000000004       2.33814036911219334E-003
   9.9100000000000001       2.32404724260989234E-003
   9.9199999999999999       2.31005298309327166E-003
   9.9299999999999997       2.29615680035034821E-003
   9.9399999999999995       2.28235791124584792E-003
   9.9500000000000011       2.26865553965116280E-003
   9.9600000000000009       2.25504891637507733E-003
   9.9700000000000006       2.24153727909521009E-003
   9.9800000000000004       2.22811987229023199E-003
   9.9900000000000002       2.21479594717279970E-003
   10.000000000000000       2.20156476162319901E-003
   10.010000000000000       2.18842558012372892E-003
   10.020000000000000       2.17537767369377095E-003
   10.029999999999999       2.16242031982555837E-003
   10.040000000000001       2.14955280242064848E-003
   10.050000000000001       2.13677441172706230E-003
   10.060000000000000       2.12408444427710169E-003
   10.070000000000000       2.11148220282582995E-003
   10.080000000000000       2.09896699629021901E-003
   10.090000000000000       2.08653813968894333E-003
   10.100000000000000       2.07419495408280724E-003
   10.109999999999999       2.06193676651581816E-003
   10.120000000000001       2.04976290995688946E-003
   10.130000000000001       2.03767272324216053E-003
   10.140000000000001       2.02566555101791994E-003
   10.150000000000000       2.01374074368415373E-003
   10.160000000000000       2.00189765733868900E-003
   10.170000000000000       1.99013565372191479E-003
   10.180000000000000       1.97845410016211139E-003
   10.190000000000000       1.96685236952134305E-003
   10.200000000000001       1.95532984014192739E-003
   10.210000000000001       1.94388589579348216E-003
   10.220000000000001       1.93251992562050792E-003
   10.230000000000000       1.92123132409054132E-003
   10.240000000000000       1.91001949094286080E-003
   10.250000000000000       1.89888383113771082E-003
   10.260000000000000       1.88782375480608055E-003
   10.270000000000000       1.87683867720000747E-003
   10.279999999999999       1.86592801864338977E-003
   10.290000000000001       1.85509120448333164E-003
   10.300000000000001       1.84432766504199304E-003
   10.310000000000000       1.83363683556894263E-003
   10.320000000000000       1.82301815619401002E-003
   10.330000000000000       1.81247107188063097E-003
   10.340000000000000       1.80199503237968642E-003
   10.350000000000000       1.79158949218381639E-003
   10.359999999999999       1.78125391048221263E-003
   10.370000000000001       1.77098775111588641E-003
   10.380000000000001       1.76079048253339511E-003
   10.390000000000001       1.75066157774704111E-003
   10.400000000000000       1.74060051428950933E-003
   10.410000000000000       1.73060677417097471E-003
   10.420000000000000       1.72067984383664089E-003
   10.430000000000000       1.71081921412472374E-003
   10.440000000000000       1.70102438022487197E-003
   10.450000000000001       1.69129484163701841E-003
   10.460000000000001       1.68163010213065478E-003
   10.470000000000001       1.67202966970452578E-003
   10.480000000000000       1.66249305654674637E-003
   10.490000000000000       1.65301977899532325E-003
   10.500000000000000       1.64360935749908684E-003
   10.510000000000000       1.63426131657902832E-003
   10.520000000000000       1.62497518479002754E-003
   10.529999999999999       1.61575049468298121E-003
   10.540000000000001       1.60658678276731615E-003
   10.550000000000001       1.59748358947389398E-003
   10.560000000000000       1.58844045911828179E-003
   10.570000000000000       1.57945693986441646E-003
   10.580000000000000       1.57053258368863185E-003
   10.590000000000000       1.56166694634405127E-003
   10.600000000000000       1.55285958732535477E-003
   10.609999999999999       1.54411006983388955E-003
   10.620000000000001       1.53541796074315806E-003
   10.630000000000001       1.52678283056464350E-003
   10.640000000000001       1.51820425341397253E-003
   10.650000000000000       1.50968180697745699E-003
   10.660000000000000       1.50121507247893992E-003
   10.670000000000000       1.49280363464699903E-003
   10.680000000000000       1.48444708168247465E-003
   10.690000000000000       1.47614500522633358E-003
   10.700000000000001       1.46789700032784985E-003
   10.710000000000001       1.45970266541311979E-003
   10.720000000000001       1.45156160225388270E-003
   10.730000000000000       1.44347341593665970E-003
   10.740000000000000       1.43543771483221330E-003
   10.750000000000000       1.42745411056530722E-003
   10.760000000000000       1.41952221798476792E-003
   10.770000000000000       1.41164165513385943E-003
   10.779999999999999       1.40381204322094456E-003
   10.790000000000001       1.39603300659044485E-003
   10.800000000000001       1.38830417269409766E-003
   10.810000000000000       1.38062517206249328E-003
   10.820000000000000       1.37299563827690215E-003
   10.830000000000000       1.36541520794138832E-003
   10.840000000000000       1.35788352065518828E-003
   10.850000000000000       1.35040021898538525E-003
   10.859999999999999       1.34296494843984216E-003
   10.870000000000001       1.33557735744040638E-003
   10.880000000000001       1.32823709729639416E-003
   10.890000000000001       1.32094382217832064E-003
   10.900000000000000       1.31369718909190311E-003
   10.910000000000000       1.30649685785232854E-003
   10.920000000000000       1.29934249105875983E-003
   10.930000000000000       1.29223375406910777E-003
   10.940000000000000       1.28517031497505534E-003
   10.950000000000001       1.27815184457731861E-003
   10.960000000000001       1.27117801636116414E-003
   10.970000000000001       1.26424850647216254E-003
   10.980000000000000       1.25736299369217860E-003
   10.990000000000000       1.25052115941560993E-003
   11.000000000000000       1.24372268762585258E-003
   11.010000000000000       1.23696726487199701E-003
   11.020000000000000       1.23025458024575624E-003
   11.029999999999999       1.22358432535863001E-003
   11.040000000000001       1.21695619431927459E-003
   11.050000000000001       1.21036988371111577E-003
   11.060000000000000       1.20382509257016394E-003
   11.070000000000000       1.19732152236306415E-003
   11.080000000000000       1.19085887696534143E-003
   11.090000000000000       1.18443686263988387E-003
   11.100000000000000       1.17805518801561166E-003
   11.109999999999999       1.17171356406637326E-003
   11.120000000000001       1.16541170409003745E-003
   11.130000000000001       1.15914932368779439E-003
   11.140000000000001       1.15292614074365748E-003
   11.150000000000000       1.14674187540416317E-003
   11.160000000000000       1.14059625005827640E-003
   11.170000000000000       1.13448898931747442E-003
   11.180000000000000       1.12841981999604771E-003
   11.190000000000000       1.12238847109157394E-003
   11.200000000000001       1.11639467376558645E-003
   11.210000000000001       1.11043816132443975E-003
   11.220000000000001       1.10451866920034019E-003
   11.230000000000000       1.09863593493258202E-003
   11.240000000000000       1.09278969814895622E-003
   11.250000000000000       1.08697970054733007E-003
   11.260000000000000       1.08120568587742171E-003
   11.270000000000000       1.07546739992273846E-003
   11.279999999999999       1.06976459048269265E-003
   11.290000000000001       1.06409700735489096E-003
   11.300000000000001       1.05846440231759553E-003
   11.310000000000000       1.05286652911234873E-003
   11.320000000000000       1.04730314342676880E-003
   11.330000000000000       1.04177400287751190E-003
   11.340000000000000       1.03627886699339251E-003
   11.350000000000000       1.03081749719867335E-003
   11.359999999999999       1.02538965679650675E-003
   11.370000000000001       1.01999511095253958E-003
   11.380000000000001       1.01463362667868163E-003
   11.390000000000001       1.00930497281700852E-003
   11.400000000000000       1.00400892002384164E-003
   11.410000000000000       9.98745240753967211E-004
   11.420000000000000       9.93513709245008982E-004
   11.430000000000000       9.88314101501946074E-004
   11.440000000000000       9.83146195281787982E-004
   11.450000000000001       9.78009770078381658E-004
   11.460000000000001       9.72904607107374594E-004
   11.470000000000001       9.67830489291315941E-004
   11.480000000000000       9.62787201244895852E-004
   11.490000000000000       9.57774529260332929E-004
   11.500000000000000       9.52792261292891344E-004
   11.510000000000000       9.47840186946539986E-004
   11.520000000000000       9.42918097459748985E-004
   11.529999999999999       9.38025785691411445E-004
   11.540000000000001       9.33163046106909614E-004
   11.550000000000001       9.28329674764306369E-004
   11.560000000000000       9.23525469300663562E-004
   11.570000000000000       9.18750228918499578E-004
   11.580000000000000       9.14003754372359647E-004
   11.590000000000000       9.09285847955529163E-004
   11.600000000000000       9.04596313486857049E-004
   11.609999999999999       8.99934956297712696E-004
   11.620000000000001       8.95301583219057073E-004
   11.630000000000001       8.90696002568648160E-004
   11.640000000000001       8.86118024138346136E-004
   11.650000000000000       8.81567459181556911E-004
   11.660000000000000       8.77044120400783853E-004
   11.670000000000000       8.72547821935289788E-004
   11.680000000000000       8.68078379348892243E-004
   11.690000000000000       8.63635609617850416E-004
   11.700000000000001       8.59219331118883114E-004
   11.710000000000001       8.54829363617288823E-004
   11.720000000000001       8.50465528255177567E-004
   11.730000000000000       8.46127647539813015E-004
   11.740000000000000       8.41815545332063892E-004
   11.750000000000000       8.37529046834960657E-004
   11.760000000000000       8.33267978582360926E-004
   11.770000000000000       8.29032168427714755E-004
   11.779999999999999       8.24821445532939097E-004
   11.790000000000001       8.20635640357393744E-004
   11.800000000000001       8.16474584646959402E-004
   11.810000000000000       8.12338111423213010E-004
   11.820000000000000       8.08226054972708131E-004
   11.830000000000000       8.04138250836349986E-004
   11.840000000000000       8.00074535798872837E-004
   11.850000000000000       7.96034747878409743E-004
   11.859999999999999       7.92018726316161097E-004
   11.870000000000001       7.88026311566153133E-004
   11.880000000000001       7.84057345285102923E-004
   11.890000000000001       7.80111670322359251E-004
   11.900000000000000       7.76189130709948228E-004
   11.910000000000000       7.72289571652705646E-004
   11.920000000000000       7.68412839518500725E-004
   11.930000000000000       7.64558781828547467E-004
   11.940000000000000       7.60727247247806318E-004
   11.950000000000001       7.56918085575471818E-004
   11.960000000000001       7.53131147735551531E-004
   11.970000000000001       7.49366285767523693E-004
   11.980000000000000       7.45623352817084630E-004
   11.990000000000000       7.41902203126979659E-004
   12.000000000000000       7.38202692027917586E-004
   12.010000000000000       7.34524675929566838E-004
   12.020000000000000       7.30868012311633561E-004
   12.030000000000001       7.27232559715020608E-004
   12.040000000000001       7.23618177733070214E-004
   12.050000000000001       7.20024727002876726E-004
   12.060000000000000       7.16452069196688761E-004
   12.070000000000000       7.12900067013380991E-004
   12.080000000000000       7.09368584170009609E-004
   12.090000000000000       7.05857485393439148E-004
   12.100000000000000       7.02366636412044758E-004
   12.109999999999999       6.98895903947492430E-004
   12.120000000000001       6.95445155706592849E-004
   12.130000000000001       6.92014260373225386E-004
   12.140000000000001       6.88603087600339072E-004
   12.150000000000000       6.85211508002017645E-004
   12.160000000000000       6.81839393145630365E-004
   12.170000000000000       6.78486615544034426E-004
   12.180000000000000       6.75153048647863792E-004
   12.190000000000000       6.71838566837879925E-004
   12.200000000000001       6.68543045417385089E-004
   12.210000000000001       6.65266360604719015E-004
   12.220000000000001       6.62008389525805770E-004
   12.230000000000000       6.58769010206779345E-004
   12.240000000000000       6.55548101566666582E-004
   12.250000000000000       6.52345543410143953E-004
   12.260000000000000       6.49161216420350920E-004
   12.270000000000000       6.45995002151769767E-004
   12.280000000000001       6.42846783023170911E-004
   12.290000000000001       6.39716442310622291E-004
   12.300000000000001       6.36603864140552209E-004
   12.310000000000000       6.33508933482881888E-004
   12.320000000000000       6.30431536144218522E-004
   12.330000000000000       6.27371558761105033E-004
   12.340000000000000       6.24328888793328598E-004
   12.350000000000000       6.21303414517296706E-004
   12.359999999999999       6.18295025019460287E-004
   12.370000000000001       6.15303610189802861E-004
   12.380000000000001       6.12329060715386818E-004
   12.390000000000001       6.09371268073952295E-004
   12.400000000000000       6.06430124527572423E-004
   12.410000000000000       6.03505523116374168E-004
   12.420000000000000       6.00597357652297666E-004
   12.430000000000000       5.97705522712929172E-004
   12.440000000000000       5.94829913635370978E-004
   12.450000000000001       5.91970426510177367E-004
   12.460000000000001       5.89126958175337722E-004
   12.470000000000001       5.86299406210315688E-004
   12.480000000000000       5.83487668930136047E-004
   12.490000000000000       5.80691645379526771E-004
   12.500000000000000       5.77911235327114312E-004
   12.510000000000000       5.75146339259662367E-004
   12.520000000000000       5.72396858376369739E-004
   12.530000000000001       5.69662694583209818E-004
   12.540000000000001       5.66943750487327322E-004
   12.550000000000001       5.64239929391474929E-004
   12.560000000000000       5.61551135288507045E-004
   12.570000000000000       5.58877272855914887E-004
   12.580000000000000       5.56218247450412408E-004
   12.590000000000000       5.53573965102570472E-004
   12.600000000000000       5.50944332511491583E-004
   12.609999999999999       5.48329257039537618E-004
   12.620000000000001       5.45728646707099320E-004
   12.630000000000001       5.43142410187413046E-004
   12.640000000000001       5.40570456801419482E-004
   12.650000000000000       5.38012696512671254E-004
   12.660000000000000       5.35469039922278379E-004
   12.670000000000000       5.32939398263904671E-004
   12.680000000000000       5.30423683398800576E-004
   12.690000000000000       5.27921807810883712E-004
   12.700000000000001       5.25433684601857472E-004
   12.710000000000001       5.22959227486377858E-004
   12.720000000000001       5.20498350787252967E-004
   12.730000000000000       5.18050969430690822E-004
   12.740000000000000       5.15616998941587209E-004
   12.750000000000000       5.13196355438851146E-004
   12.760000000000000       5.10788955630769588E-004
   12.770000000000000       5.08394716810419084E-004
   12.780000000000001       5.06013556851106386E-004
   12.790000000000001       5.03645394201857727E-004
   12.800000000000001       5.01290147882936955E-004
   12.810000000000000       4.98947737481412112E-004
   12.820000000000000       4.96618083146753149E-004
   12.830000000000000       4.94301105586466595E-004
   12.840000000000000       4.91996726061773716E-004
   12.850000000000000       4.89704866383316529E-004
   12.859999999999999       4.87425448906909681E-004
   12.870000000000001       4.85158396529322255E-004
   12.880000000000001       4.82903632684096161E-004
   12.890000000000001       4.80661081337401886E-004
   12.900000000000000       4.78430666983927736E-004
   12.910000000000000       4.76212314642805571E-004
   12.920000000000000       4.74005949853569821E-004
   12.930000000000000       4.71811498672148645E-004
   12.940000000000000       4.69628887666895755E-004
   12.950000000000001       4.67458043914645272E-004
   12.960000000000001       4.65298894996813263E-004
   12.970000000000001       4.63151368995517163E-004
   12.980000000000000       4.61015394489740953E-004
   12.990000000000000       4.58890900551522886E-004
   13.000000000000000       4.56777816742183387E-004
   13.010000000000000       4.54676073108579353E-004
   13.020000000000000       4.52585600179389563E-004
   13.030000000000001       4.50506328961436202E-004
   13.040000000000001       4.48438190936032723E-004
   13.050000000000001       4.46381118055361745E-004
   13.060000000000000       4.44335042738889434E-004
   13.070000000000000       4.42299897869801730E-004
   13.080000000000000       4.40275616791478415E-004
   13.090000000000000       4.38262133303987558E-004
   13.100000000000000       4.36259381660619489E-004
   13.109999999999999       4.34267296564441469E-004
   13.120000000000001       4.32285813164883924E-004
   13.130000000000001       4.30314867054359029E-004
   13.140000000000001       4.28354394264897896E-004
   13.150000000000000       4.26404331264827058E-004
   13.160000000000000       4.24464614955463553E-004
   13.170000000000000       4.22535182667842962E-004
   13.180000000000000       4.20615972159472712E-004
   13.190000000000000       4.18706921611110912E-004
   13.200000000000001       4.16807969623573811E-004
   13.210000000000001       4.14919055214570630E-004
   13.220000000000001       4.13040117815561332E-004
   13.230000000000000       4.11171097268643062E-004
   13.240000000000000       4.09311933823461522E-004
   13.250000000000000       4.07462568134146373E-004
   13.260000000000000       4.05622941256276114E-004
   13.270000000000000       4.03792994643862810E-004
   13.280000000000001       4.01972670146364243E-004
   13.290000000000001       4.00161910005722421E-004
   13.300000000000001       3.98360656853423217E-004
   13.310000000000000       3.96568853707580298E-004
   13.320000000000000       3.94786443970047301E-004
   13.330000000000000       3.93013371423546758E-004
   13.340000000000000       3.91249580228829644E-004
   13.350000000000000       3.89495014921855320E-004
   13.359999999999999       3.87749620410990164E-004
   13.370000000000001       3.86013341974237494E-004
   13.380000000000001       3.84286125256485156E-004
   13.390000000000001       3.82567916266774311E-004
   13.400000000000000       3.80858661375594893E-004
   13.410000000000000       3.79158307312199604E-004
   13.420000000000000       3.77466801161941226E-004
   13.430000000000000       3.75784090363632205E-004
   13.440000000000000       3.74110122706923271E-004
   13.450000000000001       3.72444846329707366E-004
   13.460000000000001       3.70788209715541145E-004
   13.470000000000001       3.69140161691089777E-004
   13.480000000000000       3.67500651423588454E-004
   13.490000000000000       3.65869628418332457E-004
   13.500000000000000       3.64247042516177642E-004
   13.510000000000000       3.62632843891069919E-004
   13.520000000000000       3.61026983047588992E-004
   13.530000000000001       3.59429410818514112E-004
   13.540000000000001       3.57840078362410368E-004
   13.550000000000001       3.56258937161232437E-004
   13.560000000000000       3.54685939017948938E-004
   13.570000000000000       3.53121036054186732E-004
   13.580000000000000       3.51564180707891315E-004
   13.590000000000000       3.50015325731010377E-004
   13.600000000000000       3.48474424187190945E-004
   13.609999999999999       3.46941429449499424E-004
   13.620000000000001       3.45416295198158643E-004
   13.630000000000001       3.43898975418301448E-004
   13.640000000000001       3.42389424397743583E-004
   13.650000000000000       3.40887596724775716E-004
   13.660000000000000       3.39393447285970585E-004
   13.670000000000000       3.37906931264009497E-004
   13.680000000000000       3.36428004135526121E-004
   13.690000000000000       3.34956621668965895E-004
   13.700000000000001       3.33492739922464456E-004
   13.710000000000001       3.32036315241744239E-004
   13.720000000000001       3.30587304258022989E-004
   13.730000000000000       3.29145663885942240E-004
   13.740000000000000       3.27711351321514530E-004
   13.750000000000000       3.26284324040081424E-004
   13.760000000000000       3.24864539794293965E-004
   13.770000000000000       3.23451956612102456E-004
   13.780000000000001       3.22046532794767763E-004
   13.790000000000001       3.20648226914888013E-004
   13.800000000000001       3.19256997814435319E-004
   13.810000000000000       3.17872804602816253E-004
   13.820000000000000       3.16495606654939741E-004
   13.830000000000000       3.15125363609308165E-004
   13.840000000000000       3.13762035366115725E-004
   13.850000000000000       3.12405582085367836E-004
   13.859999999999999       3.11055964185013320E-004
   13.870000000000001       3.09713142339088901E-004
   13.880000000000001       3.08377077475883543E-004
   13.890000000000001       3.07047730776112166E-004
   13.900000000000000       3.05725063671107359E-004
   13.910000000000000       3.04409037841022368E-004
   13.920000000000000       3.03099615213051217E-004
   13.930000000000000       3.01796757959660485E-004
   13.940000000000000       3.00500428496837282E-004
   13.950000000000001       2.99210589482346403E-004
   13.960000000000001       2.97927203814008607E-004
   13.970000000000001       2.96650234627984333E-004
   13.980000000000000       2.95379645297076589E-004
   13.990000000000000       2.94115399429045298E-004
   14.000000000000000       2.92857460864933284E-004
   14.010000000000000       2.91605793677408474E-004
   14.020000000000000       2.90360362169116073E-004
   14.030000000000001       2.89121130871045269E-004
   14.040000000000001       2.87888064540909108E-004
   14.050000000000001       2.86661128161534945E-004
   14.060000000000000       2.85440286939269415E-004
   14.070000000000000       2.84225506302394958E-004
   14.080000000000000       2.83016751899558270E-004
   14.090000000000000       2.81813989598213061E-004
   14.100000000000000       2.80617185483071055E-004
   14.109999999999999       2.79426305854569798E-004
   14.120000000000001       2.78241317227347507E-004
   14.130000000000001       2.77062186328734300E-004
   14.140000000000001       2.75888880097251491E-004
   14.150000000000000       2.74721365681123905E-004
   14.160000000000000       2.73559610436805095E-004
   14.170000000000000       2.72403581927511008E-004
   14.180000000000000       2.71253247921767425E-004
   14.190000000000000       2.70108576391967924E-004
   14.200000000000001       2.68969535512942292E-004
   14.210000000000001       2.67836093660537146E-004
   14.220000000000001       2.66708219410206199E-004
   14.230000000000000       2.65585881535612179E-004
   14.240000000000000       2.64469049007239922E-004
   14.250000000000000       2.63357690991018777E-004
   14.260000000000000       2.62251776846957117E-004
   14.270000000000000       2.61151276127785995E-004
   14.280000000000001       2.60056158577614085E-004
   14.290000000000001       2.58966394130593031E-004
   14.300000000000001       2.57881952909592006E-004
   14.310000000000000       2.56802805224883555E-004
   14.320000000000000       2.55728921572839025E-004
   14.330000000000000       2.54660272634633271E-004
   14.340000000000000       2.53596829274960905E-004
   14.350000000000000       2.52538562540761112E-004
   14.359999999999999       2.51485443659952277E-004
   14.370000000000001       2.50437444040176157E-004
   14.380000000000001       2.49394535267553213E-004
   14.390000000000001       2.48356689105444614E-004
   14.400000000000000       2.47323877493225953E-004
   14.410000000000000       2.46296072545069684E-004
   14.420000000000000       2.45273246548736350E-004
   14.430000000000000       2.44255371964375234E-004
   14.440000000000000       2.43242421423334827E-004
   14.450000000000001       2.42234367726980185E-004
   14.460000000000001       2.41231183845522879E-004
   14.470000000000001       2.40232842916856160E-004
   14.480000000000000       2.39239318245400306E-004
   14.490000000000000       2.38250583300957791E-004
   14.500000000000000       2.37266611717575955E-004
   14.510000000000000       2.36287377292417533E-004
   14.520000000000000       2.35312853984641980E-004
   14.530000000000001       2.34343015914292781E-004
   14.540000000000001       2.33377837361195436E-004
   14.550000000000001       2.32417292763861122E-004
   14.560000000000000       2.31461356718401507E-004
   14.570000000000000       2.30510003977449352E-004
   14.580000000000000       2.29563209449088320E-004
   14.590000000000000       2.28620948195790727E-004
   14.600000000000000       2.27683195433363837E-004
   14.609999999999999       2.26749926529902138E-004
   14.620000000000001       2.25821117004749820E-004
   14.630000000000001       2.24896742527470130E-004
   14.640000000000001       2.23976778916821015E-004
   14.650000000000000       2.23061202139741101E-004
   14.660000000000000       2.22149988310340810E-004
   14.670000000000000       2.21243113688903055E-004
   14.680000000000000       2.20340554680889186E-004
   14.690000000000000       2.19442287835954972E-004
   14.700000000000001       2.18548289846971398E-004
   14.710000000000001       2.17658537549054499E-004
   14.720000000000001       2.16773007918601531E-004
   14.730000000000000       2.15891678072334376E-004
   14.740000000000000       2.15014525266351192E-004
   14.750000000000000       2.14141526895182997E-004
   14.760000000000000       2.13272660490859299E-004
   14.770000000000000       2.12407903721979454E-004
   14.780000000000001       2.11547234392791227E-004
   14.790000000000001       2.10690630442277027E-004
   14.800000000000001       2.09838069943244643E-004
   14.810000000000000       2.08989531101427323E-004
   14.820000000000000       2.08144992254589290E-004
   14.830000000000000       2.07304431871637199E-004
   14.840000000000000       2.06467828551739995E-004
   14.850000000000000       2.05635161023453298E-004
   14.859999999999999       2.04806408143851429E-004
   14.870000000000001       2.03981548897665680E-004
   14.880000000000001       2.03160562396428743E-004
   14.890000000000001       2.02343427877625404E-004
   14.900000000000000       2.01530124703849491E-004
   14.910000000000000       2.00720632361967331E-004
   14.920000000000000       1.99914930462286874E-004
   14.930000000000000       1.99112998737733615E-004
   14.940000000000000       1.98314817043031402E-004
   14.950000000000001       1.97520365353890716E-004
   14.960000000000001       1.96729623766201864E-004
   14.970000000000001       1.95942572495234110E-004
   14.980000000000000       1.95159191874841136E-004
   14.990000000000000       1.94379462356672348E-004
   15.000000000000000       1.93603364509389560E-004
